date,latitude [°],longitude [°],VV [dB],VH [dB],angle [degrees],precipitation [mm],elevation [m],WBANNO,LST_DATE,CRX_VN,LONGITUDE,LATITUDE,T_DAILY_MAX,T_DAILY_MIN,T_DAILY_MEAN,T_DAILY_AVG,P_DAILY_CALC,SOLARAD_DAILY,SUR_TEMP_DAILY_TYPE,SUR_TEMP_DAILY_MAX,SUR_TEMP_DAILY_MIN,SUR_TEMP_DAILY_AVG,RH_DAILY_MAX,RH_DAILY_MIN,RH_DAILY_AVG,SOIL_MOISTURE_5_DAILY,SOIL_MOISTURE_10_DAILY,SOIL_MOISTURE_20_DAILY,SOIL_MOISTURE_50_DAILY,SOIL_MOISTURE_100_DAILY,SOIL_TEMP_5_DAILY,SOIL_TEMP_10_DAILY,SOIL_TEMP_20_DAILY,SOIL_TEMP_50_DAILY,SOIL_TEMP_100_DAILY
2024-01-01,38.09,-84.75,-11.920238411715168,-26.57271412288428,30.446727752685547,0.0,258,63838.0,2024-01-01,2.622,-84.75,38.09,2.2,-1.1,0.6,0.7,0.0,1.52,C,4.3,-2.5,0.9,90.4,73.0,83.0,0.337,0.314,0.339,0.252,0.093,4.8,5.4,6.1,7.2,8.5
2024-01-06,37.25,-86.23,-9.97254648553955,-13.381967761410111,33.168460845947266,9.237837791442873,231,,,,,,,,,,,,,,,,,,,,,,,,,,,,
2024-01-06,38.09,-84.75,-12.778516517958348,-24.697451274036496,41.969181060791016,15.178404808044434,258,63838.0,2024-01-06,2.622,-84.75,38.09,4.0,0.8,2.4,2.6,18.4,1.31,C,6.3,0.7,2.9,96.6,54.3,89.9,0.369,0.338,0.35,0.283,0.094,3.8,4.2,4.6,5.7,7.3
2024-01-11,37.25,-86.23,-6.5190377433451765,-14.262859339381963,43.95873260498047,0.0,231,,,,,,,,,,,,,,,,,,,,,,,,,,,,
2024-01-18,37.25,-86.23,-8.453159250848971,-17.009127264095294,33.165000915527344,0.0,231,63849.0,2024-01-18,2.622,-86.23,37.25,-0.6,-8.0,-4.3,-3.4,2.7,2.27,C,-0.3,-13.5,-4.4,98.8,45.3,70.9,0.369,0.322,0.332,0.376,0.408,3.3,2.6,4.0,5.3,7.2
2024-01-18,38.09,-84.75,-15.344591474046982,-24.540012640027825,41.966068267822266,3.010170221328736,258,,,,,,,,,,,,,,,,,,,,,,,,,,,,
2024-01-23,37.25,-86.23,-8.35138594156787,-13.462296252685585,43.95862579345703,4.29615592956543,231,63849.0,2024-01-23,2.622,-86.23,37.25,12.2,6.1,9.1,9.3,8.3,1.46,C,11.5,4.0,8.1,97.8,57.6,80.4,0.395,0.347,0.341,0.379,0.41,4.7,4.5,4.2,4.4,6.3
2024-01-25,38.09,-84.75,-8.719025656884785,-13.60338210299705,30.4466552734375,10.896753311157228,258,63838.0,2024-01-25,2.622,-84.75,38.09,16.8,12.9,14.9,14.7,8.8,2.04,C,17.6,11.6,13.9,98.0,84.9,95.6,0.389,0.367,0.368,0.31,0.181,8.0,7.2,5.8,4.7,4.7
2024-01-30,37.25,-86.23,-6.662523537288992,-13.893901051036616,33.16607666015625,0.0,231,63849.0,2024-01-30,2.622,-86.23,37.25,9.7,-0.1,4.8,3.5,0.0,6.73,C,21.2,-0.8,5.3,94.6,62.9,85.9,0.38,0.333,0.339,0.389,0.418,7.2,6.9,7.3,7.7,8.4
2024-01-30,38.09,-84.75,-12.420417872957666,-21.12610318868594,41.967041015625,0.0,258,63838.0,2024-01-30,2.622,-84.75,38.09,4.8,-1.0,1.9,1.9,1.1,3.12,C,7.9,-0.5,2.5,92.3,80.3,87.3,0.368,0.347,0.359,0.289,0.168,4.6,5.0,5.5,6.0,6.7
2024-02-04,37.25,-86.23,-10.160159527028616,-12.825712783353902,43.958534240722656,0.0,231,63849.0,2024-02-04,2.622,-86.23,37.25,15.3,2.6,9.0,8.6,0.0,8.27,C,28.4,-0.8,7.4,69.3,28.1,49.4,0.36,0.319,0.331,0.384,0.417,7.6,7.5,7.8,7.8,8.3
2024-02-06,38.09,-84.75,-11.655621856893756,-32.12740024779898,30.44730758666992,0.0,258,63838.0,2024-02-06,2.622,-84.75,38.09,9.0,0.1,4.6,3.4,0.0,11.59,C,17.2,-3.7,3.7,92.1,48.2,72.0,0.33,0.319,0.344,0.275,0.159,5.1,5.4,5.6,6.0,6.6
2024-02-11,37.25,-86.23,-11.986405183093058,-12.206867409838724,33.16661071777344,24.53257942199707,231,63849.0,2024-02-11,2.622,-86.23,37.25,10.1,5.0,7.5,7.2,2.3,4.93,C,16.6,5.0,8.4,99.1,80.2,92.6,0.399,0.352,0.343,0.382,0.42,9.7,10.0,9.8,9.3,8.9
2024-02-11,38.09,-84.75,-12.024605530462429,-26.92083588894145,41.96755599975586,10.877906799316406,258,63838.0,2024-02-11,2.622,-84.75,38.09,10.6,3.5,7.1,6.0,2.4,6.39,C,16.0,2.6,6.8,92.9,68.6,86.5,0.384,0.353,0.356,0.271,0.154,8.5,8.6,8.4,7.9,7.5
2024-02-16,37.25,-86.23,-9.04568388971255,-15.479621468950802,43.95915985107422,0.0,231,63849.0,2024-02-16,2.622,-86.23,37.25,10.4,-1.1,4.7,3.7,6.5,4.22,C,18.3,-2.0,3.6,96.6,44.3,75.4,0.381,0.332,0.336,0.385,0.421,7.8,7.5,8.4,8.6,9.0
2024-02-18,38.09,-84.75,-11.636105677376676,-29.20173201708238,30.44823265075684,0.0,258,63838.0,2024-02-18,2.622,-84.75,38.09,6.4,-9.4,-1.5,-2.0,0.0,15.61,C,7.7,-10.8,-3.2,76.5,33.7,56.5,0.374,0.351,0.36,0.286,0.165,2.6,3.3,4.4,5.7,7.1
2024-02-23,37.25,-86.23,-7.719361511028618,-14.390818479342588,33.16844177246094,8.221250534057617,231,63849.0,2024-02-23,2.622,-86.23,37.25,16.0,5.4,10.7,9.0,0.0,14.23,C,28.5,-0.3,9.0,100.0,27.1,68.4,0.383,0.338,0.335,0.382,0.42,9.4,9.6,9.2,8.4,8.5
2024-02-23,38.09,-84.75,-13.808269097086484,-19.16856507768766,41.96920394897461,0.0,258,63838.0,2024-02-23,2.622,-84.75,38.09,14.6,5.5,10.1,9.4,0.0,14.97,C,17.9,1.9,8.9,92.0,32.0,69.5,0.383,0.36,0.367,0.302,0.173,8.4,8.3,7.6,7.0,6.9
2024-02-28,37.25,-86.23,-10.522351859663193,-12.816444190861,43.95880126953125,10.96877670288086,231,63849.0,2024-02-28,2.622,-86.23,37.25,20.8,-2.4,9.2,6.6,14.8,6.62,C,18.0,-6.3,6.2,93.3,39.2,63.0,0.385,0.345,0.34,0.392,0.424,10.5,11.0,10.9,9.9,9.3
2024-03-01,38.09,-84.75,-9.195866691193991,-21.24551196007712,30.44858932495117,6.914513111114502,258,63838.0,2024-03-01,2.622,-84.75,38.09,6.7,-2.5,2.1,3.0,3.3,2.15,C,7.5,-4.5,2.3,95.7,51.9,75.6,0.376,0.347,0.36,0.288,0.169,5.5,6.1,6.8,7.5,8.1
2024-03-06,37.25,-86.23,-7.554486420905361,-14.772150626564397,33.16917419433594,0.0,231,63849.0,2024-03-06,2.622,-86.23,37.25,18.5,11.1,14.8,13.3,2.3,4.98,C,27.9,11.4,14.5,98.8,71.1,94.3,0.399,0.359,0.353,0.415,0.425,13.3,13.9,13.0,12.1,10.9
2024-03-06,38.09,-84.75,-11.546907615067587,-21.005430130738723,41.96987533569336,14.512762069702148,258,63838.0,2024-03-06,2.622,-84.75,38.09,16.2,8.7,12.4,13.0,21.0,5.44,C,18.6,8.9,13.4,97.0,82.5,92.4,0.402,0.368,0.37,0.301,0.179,12.5,12.3,11.4,10.2,9.2
2024-03-11,37.25,-86.23,-10.537372049076698,-14.206999621551349,43.96073532104492,0.0,231,63849.0,2024-03-11,2.622,-86.23,37.25,15.6,-2.4,6.6,7.4,0.0,19.01,C,33.9,-5.4,8.8,67.9,24.2,43.2,0.372,0.33,0.337,0.386,0.425,10.5,10.3,10.6,11.0,11.4
2024-03-13,38.09,-84.75,-8.677911861725459,-14.912091649037576,30.450437545776367,0.0,258,63838.0,2024-03-13,2.622,-84.75,38.09,21.5,8.8,15.1,15.1,0.0,17.58,C,25.7,2.3,12.2,65.8,37.4,47.4,0.341,0.325,0.349,0.277,0.168,10.3,10.2,9.7,9.4,9.4
2024-03-18,37.25,-86.23,-8.603149249899886,-15.991423309821688,33.16958236694336,0.0,231,63849.0,2024-03-18,2.622,-86.23,37.25,4.7,-2.8,1.0,1.2,0.0,11.27,C,25.7,-6.1,4.0,72.2,38.7,53.4,0.357,0.322,0.332,0.384,0.424,11.2,10.8,12.1,12.4,12.2
2024-03-18,38.09,-84.75,-12.780166576614343,-19.925474398493048,41.97026062011719,0.0,258,63838.0,2024-03-18,2.622,-84.75,38.09,3.0,-2.9,0.0,0.2,0.0,9.39,C,11.4,-4.4,0.3,74.0,44.3,58.7,0.354,0.333,0.353,0.281,0.169,8.0,8.7,9.6,10.2,10.3
2024-03-23,37.25,-86.23,-10.9800403005441,-15.92701928986838,43.96141052246094,0.0,231,63849.0,2024-03-23,2.622,-86.23,37.25,12.1,2.1,7.1,7.3,0.0,20.85,C,30.8,-1.4,10.2,99.3,29.0,57.6,0.349,0.31,0.326,0.381,0.421,12.2,12.5,12.1,11.6,11.5
2024-03-25,38.09,-84.75,-8.854158117925166,-22.616680716464,30.45323944091797,0.0,258,63838.0,2024-03-25,2.622,-84.75,38.09,20.6,6.3,13.4,13.8,0.0,17.38,C,23.8,1.9,12.0,48.2,17.3,32.4,0.276,0.289,0.329,0.267,0.164,9.0,9.1,8.8,8.9,9.1
2024-03-30,37.25,-86.23,-7.990138826988762,-13.622295741511998,33.17433547973633,0.0,231,63849.0,2024-03-30,2.622,-86.23,37.25,26.1,12.9,19.5,19.1,0.0,16.65,C,42.1,6.3,19.1,65.7,32.2,42.8,0.34,0.307,0.325,0.378,0.422,13.8,14.3,13.2,12.3,11.8
2024-03-30,38.09,-84.75,-11.539419110346811,-18.01220945087749,41.9744758605957,0.0,258,63838.0,2024-03-30,2.622,-84.75,38.09,23.3,9.0,16.1,16.8,0.9,16.3,C,24.5,4.2,14.3,84.8,37.8,47.3,0.259,0.275,0.319,0.257,0.158,11.2,11.0,10.5,10.0,9.7
2024-04-04,37.25,-86.23,-13.776053690852436,-11.50923581152459,43.966400146484375,0.0,231,63849.0,2024-04-04,2.622,-86.23,37.25,10.2,1.7,5.9,5.0,0.5,8.14,C,27.0,-0.1,7.1,95.8,48.5,73.4,0.372,0.328,0.331,0.376,0.424,12.9,12.6,13.6,13.8,13.3
2024-04-06,38.09,-84.75,-8.767743020876134,-16.677408452503695,30.45649147033692,0.0,258,63838.0,2024-04-06,2.622,-84.75,38.09,13.2,-0.1,6.5,6.6,0.0,23.42,C,22.3,-2.3,7.2,97.1,41.1,67.8,0.356,0.336,0.353,0.281,0.167,10.1,10.4,10.3,10.6,10.9
2024-04-11,37.25,-86.23,-9.191783493011178,-16.28156129566394,33.17548370361328,15.210410118103027,231,63849.0,2024-04-11,2.622,-86.23,37.25,17.5,10.1,13.8,13.9,20.2,3.25,C,22.9,7.4,14.0,98.7,79.1,92.7,0.416,0.38,0.374,0.431,0.427,15.3,15.6,15.3,14.8,13.7
2024-04-11,38.09,-84.75,-10.063964367375334,-18.195829789996218,41.97550582885742,31.662309646606445,258,63838.0,2024-04-11,2.622,-84.75,38.09,18.8,10.8,14.8,15.0,41.8,5.68,C,22.2,9.5,14.7,96.0,79.5,89.2,0.415,0.385,0.379,0.315,0.185,14.5,14.4,13.6,12.6,11.7
2024-04-16,37.25,-86.23,-10.561206273644716,-13.764296863395366,43.96467971801758,4.690153121948242,231,63849.0,2024-04-16,2.622,-86.23,37.25,30.2,18.6,24.4,23.5,0.0,17.29,C,42.0,15.2,23.5,79.0,25.9,52.3,0.33,0.302,0.324,0.377,0.424,18.2,19.3,17.6,15.9,14.3
2024-04-18,38.09,-84.75,-13.85865848604774,-26.27861151435606,30.45579719543457,0.0,258,63838.0,2024-04-18,2.622,-84.75,38.09,25.6,10.9,18.3,19.4,0.0,24.35,C,31.7,7.7,18.8,84.4,40.4,59.4,0.283,0.291,0.333,0.267,0.167,17.6,17.3,16.2,14.9,13.5
2024-04-23,37.25,-86.23,-8.670438455371752,-17.65390276098711,33.1749153137207,0.0,231,63849.0,2024-04-23,2.622,-86.23,37.25,22.9,6.2,14.5,16.0,0.0,23.34,C,33.5,2.6,17.4,67.6,24.7,41.6,0.322,0.297,0.32,0.375,0.423,16.5,16.8,16.3,16.0,15.4
2024-04-23,38.09,-84.75,-10.933105709157324,-17.459051226927407,41.97496795654297,0.0,258,63838.0,2024-04-23,2.622,-84.75,38.09,20.5,6.2,13.3,13.7,1.4,21.53,C,22.9,2.8,12.8,89.3,28.5,50.5,0.247,0.262,0.314,0.253,0.165,14.0,14.2,14.0,13.9,13.5
2024-04-28,37.25,-86.23,-8.367279036592594,-18.127749591438583,43.96522903442383,0.0,231,63849.0,2024-04-28,2.622,-86.23,37.25,27.7,16.7,22.2,21.6,0.0,19.44,C,34.4,14.5,21.7,85.4,48.4,65.7,0.3,0.281,0.311,0.369,0.423,18.8,19.5,18.3,17.1,15.9
2024-04-30,38.09,-84.75,-11.534304329581037,-18.888765168834865,30.455739974975582,18.946840286254883,258,63838.0,2024-04-30,2.622,-84.75,38.09,23.4,14.2,18.8,18.6,20.1,19.51,C,28.9,10.5,18.6,95.0,44.4,73.4,0.308,0.204,0.273,0.231,0.158,18.6,18.3,17.3,15.9,14.6
2024-05-05,37.25,-86.23,-11.010344942179945,-16.383725532096804,33.17438125610352,0.0,231,63849.0,2024-05-05,2.622,-86.23,37.25,26.4,17.4,21.9,21.4,6.2,18.9,C,44.6,15.7,25.1,100.0,61.5,83.8,0.37,0.332,0.333,0.381,0.426,21.5,22.1,20.7,19.4,17.8
2024-05-05,38.09,-84.75,-12.983643280516077,-16.001763414722692,41.97450637817383,0.0,258,63838.0,2024-05-05,2.622,-84.75,38.09,25.5,16.5,21.0,20.5,0.0,18.46,C,31.9,15.1,20.9,93.9,56.0,77.1,0.248,0.208,0.267,0.223,0.154,20.4,20.0,18.9,17.6,16.1
2024-05-12,38.09,-84.75,-12.86405139319845,-15.313647619832144,30.458126068115234,0.0,258,63838.0,2024-05-12,2.622,-84.75,38.09,23.6,7.7,15.6,16.8,0.0,27.19,C,32.4,5.2,17.4,86.0,34.3,56.2,0.33,0.312,0.339,0.269,0.16,18.5,18.5,18.0,17.5,16.8
2024-05-17,37.25,-86.23,-7.042094089513896,-14.7161251395012,33.17286682128906,10.192496299743652,231,63849.0,2024-05-17,2.622,-86.23,37.25,21.9,16.1,19.0,18.7,6.9,9.48,C,28.5,14.7,19.6,98.8,74.2,92.4,0.38,0.331,0.328,0.378,0.424,20.5,21.0,20.5,19.7,18.5
2024-05-17,38.09,-84.75,-12.422859743128951,-18.862494261924155,41.97316360473633,9.375154495239258,258,63838.0,2024-05-17,2.622,-84.75,38.09,20.2,14.8,17.5,18.2,4.7,6.96,C,22.2,14.2,18.4,96.3,81.7,88.7,0.379,0.346,0.359,0.281,0.177,20.3,20.3,19.7,18.6,17.4
2024-05-22,37.25,-86.23,-8.588097555456072,-13.81258036521763,43.96306228637695,9.415457725524902,231,63849.0,2024-05-22,2.622,-86.23,37.25,26.5,16.5,21.5,21.3,16.8,8.64,C,34.6,15.8,21.9,98.5,66.6,82.7,0.345,0.307,0.321,0.379,0.424,22.3,22.8,22.3,21.3,19.5
2024-05-29,37.25,-86.23,-13.542711441652491,-14.877840480813374,33.17539596557617,0.0,231,63849.0,2024-05-29,2.622,-86.23,37.25,23.9,12.3,18.1,17.4,0.0,26.51,C,33.4,10.9,19.5,95.6,40.9,72.1,0.353,0.313,0.328,0.383,0.424,21.7,22.0,21.7,21.1,20.0
2024-05-29,38.09,-84.75,-11.205109228583748,-18.33759742591145,41.97541809082031,0.0,258,63838.0,2024-05-29,2.622,-84.75,38.09,19.9,12.5,16.2,16.6,0.0,20.89,C,26.4,10.9,16.6,85.5,53.9,69.6,0.358,0.328,0.353,0.276,0.176,20.2,20.7,20.6,20.2,19.4
2024-06-10,37.25,-86.23,-10.795790236880842,-16.537124467088834,33.175025939941406,0.0,231,63849.0,2024-06-10,2.622,-86.23,37.25,24.9,11.4,18.1,17.9,0.0,25.17,C,47.5,10.2,23.0,99.4,48.1,78.0,0.368,0.322,0.328,0.381,0.424,22.5,22.6,22.2,21.7,20.7
2024-06-10,38.09,-84.75,-11.107965466909812,-17.6372241356211,41.97509002685547,0.0,258,63838.0,2024-06-10,2.622,-84.75,38.09,22.2,12.4,17.3,17.3,0.0,23.62,C,26.2,10.1,17.7,88.6,52.7,69.7,0.316,0.285,0.323,0.253,0.165,21.3,21.5,21.3,20.8,19.8
2024-06-22,37.25,-86.23,-9.073187382322326,-12.72278734355909,33.17542266845703,0.0,231,63849.0,2024-06-22,2.622,-86.23,37.25,33.3,21.4,27.3,26.9,0.0,23.75,C,51.1,20.8,31.0,94.4,51.0,73.8,0.292,0.257,0.301,0.367,0.423,26.8,27.5,26.3,24.8,22.7
2024-06-22,38.09,-84.75,-15.057203098967976,-16.514597508068828,41.97544097900391,0.0,258,63838.0,2024-06-22,2.622,-84.75,38.09,33.1,20.5,26.8,27.5,0.0,24.42,C,36.3,19.7,27.6,78.7,32.1,52.9,0.156,0.149,0.201,0.191,0.142,26.6,26.5,25.2,23.6,21.7
2024-06-29,38.09,-84.75,-15.29298201756746,-22.206634527034733,30.452787399291992,0.0,258,63838.0,2024-06-29,2.622,-84.75,38.09,33.2,24.5,28.8,28.6,0.0,20.62,C,35.7,23.6,28.5,62.3,39.6,51.3,0.164,0.138,0.184,0.158,0.121,26.3,26.2,25.0,23.5,22.0
2024-07-04,37.25,-86.23,-10.448031147598847,-15.283992538617564,33.169921875,22.84447860717773,231,63849.0,2024-07-04,2.622,-86.23,37.25,33.2,22.9,28.0,25.9,10.9,19.53,C,42.0,22.5,28.0,98.6,62.7,89.4,0.372,0.336,0.333,0.383,0.426,26.8,27.3,26.4,25.4,24.0
2024-07-04,38.09,-84.75,-8.717226821762946,-16.95673360374861,41.97054290771485,12.069292068481444,258,63838.0,2024-07-04,2.622,-84.75,38.09,32.7,21.7,27.2,25.8,11.4,12.54,C,35.5,21.1,25.7,80.3,43.5,64.3,0.141,0.133,0.173,0.166,0.113,25.6,25.7,24.9,23.5,22.2
2024-07-09,37.25,-86.23,-13.237486238162624,-15.20360462683949,43.96171188354492,0.0,231,63849.0,2024-07-09,2.622,-86.23,37.25,31.0,22.0,26.5,25.4,13.3,18.93,C,39.8,21.5,27.2,99.1,65.0,87.4,0.333,0.3,0.318,0.373,0.424,26.3,26.8,26.0,25.1,23.9
2024-07-16,37.25,-86.23,-8.929654832661697,-17.322786682626525,33.170799255371094,0.0,231,63849.0,2024-07-16,2.622,-86.23,37.25,31.3,22.1,26.7,26.3,0.0,19.56,C,37.6,21.4,27.9,97.2,63.3,81.8,0.281,0.262,0.302,0.363,0.423,26.9,27.4,26.7,25.7,24.2
2024-07-16,38.09,-84.75,-6.825541890032207,-13.737196391597736,41.97134399414063,0.0,258,63838.0,2024-07-16,2.622,-84.75,38.09,34.6,22.3,28.4,27.6,19.7,20.34,C,40.2,21.6,28.2,68.1,31.5,50.3,0.112,0.116,0.165,0.12,0.103,27.3,27.2,26.1,24.6,23.0
2024-07-21,37.25,-86.23,-10.988418874980873,-14.558785210534896,43.96226119995117,0.0,231,63849.0,2024-07-21,2.622,-86.23,37.25,30.2,20.7,25.4,24.3,10.3,20.73,C,50.8,20.4,29.4,98.4,58.7,80.1,0.335,0.3,0.32,0.373,0.424,26.6,26.9,26.1,25.3,24.2
2024-07-28,37.25,-86.23,-7.050835063365407,-18.87916252503712,33.17151641845703,34.94123840332031,231,63849.0,2024-07-28,2.622,-86.23,37.25,26.9,21.6,24.3,24.1,27.0,9.23,C,33.6,21.6,25.3,98.1,76.3,90.3,0.365,0.325,0.33,0.381,0.425,26.2,26.4,26.2,25.6,24.3
2024-07-28,38.09,-84.75,-12.904157844487385,-17.565332860636612,41.97196960449219,33.8677864074707,258,63838.0,2024-07-28,2.622,-84.75,38.09,27.4,18.9,23.1,22.7,9.5,6.66,C,28.1,17.8,22.3,84.7,61.9,75.4,0.181,0.172,0.191,0.168,0.102,24.8,25.0,24.8,24.1,23.0
2024-08-02,37.25,-86.23,-8.337021306860612,-16.547561825552574,43.96245956420898,31.085838317871094,231,63849.0,2024-08-02,2.622,-86.23,37.25,30.9,20.6,25.7,23.9,23.6,18.53,C,42.3,20.7,26.6,98.5,64.0,88.9,0.39,0.344,0.343,0.397,0.427,26.7,26.9,26.5,26.0,24.7
2024-08-04,38.09,-84.75,-14.172115892993885,-15.118287324831144,30.45229721069336,0.0,258,63838.0,2024-08-04,2.622,-84.75,38.09,31.0,18.4,24.7,25.6,0.0,24.52,C,35.0,18.2,26.2,85.7,26.5,60.8,0.321,0.259,0.258,0.174,0.098,26.6,26.4,25.6,24.3,23.1
2024-08-09,37.25,-86.23,-11.148530118175444,-17.467035152816564,33.1704216003418,0.0,231,63849.0,2024-08-09,2.622,-86.23,37.25,28.3,16.1,22.2,22.0,0.0,20.82,C,40.1,15.4,24.3,98.2,57.5,82.2,0.313,0.28,0.311,0.374,0.424,26.4,26.6,26.5,26.0,24.9
2024-08-09,38.09,-84.75,-12.32747436697188,-16.204932351633296,41.97101593017578,0.0,258,63838.0,2024-08-09,2.622,-84.75,38.09,28.1,18.9,23.5,23.7,0.0,21.19,C,30.8,17.6,23.7,79.2,47.5,61.9,0.21,0.203,0.231,0.162,0.109,26.1,26.2,25.8,25.0,23.8
2024-08-14,37.25,-86.23,-10.71371882320883,-15.97748918488797,43.96092224121094,0.0,231,63849.0,2024-08-14,2.622,-86.23,37.25,29.8,17.7,23.7,23.3,0.0,22.12,C,46.3,16.2,26.9,98.5,38.7,71.8,0.273,0.25,0.296,0.364,0.421,25.6,25.8,25.5,25.1,24.4
2024-08-16,38.09,-84.75,-9.23250263988614,-18.27426354070702,30.451631546020508,0.0,258,63838.0,2024-08-16,2.622,-84.75,38.09,29.5,21.2,25.3,25.3,5.1,13.56,C,30.9,20.3,25.0,76.1,42.8,58.4,0.153,0.142,0.182,0.144,0.103,24.8,24.9,24.5,23.7,22.9
2024-08-21,37.25,-86.23,-9.20110820441768,-20.920709951025025,33.17003631591797,0.1502940207719802,231,63849.0,2024-08-21,2.622,-86.23,37.25,23.6,12.7,18.2,17.8,0.0,23.73,C,38.9,11.4,21.3,89.1,40.2,63.5,0.295,0.263,0.299,0.354,0.419,24.2,24.1,24.6,24.8,24.4
2024-08-21,38.09,-84.75,-10.207819140120847,-19.695855802872583,41.97065734863281,0.6855988502502441,258,63838.0,2024-08-21,2.622,-84.75,38.09,22.9,9.2,16.1,16.6,0.0,24.72,C,25.8,7.5,16.3,81.5,34.3,55.8,0.159,0.14,0.18,0.138,0.1,21.7,21.8,22.2,22.6,22.5
2024-08-26,37.25,-86.23,-10.241368803435964,-15.347673993239797,43.96019744873047,9.75409989223408e-07,231,63849.0,2024-08-26,2.622,-86.23,37.25,33.0,18.9,25.9,25.7,0.0,22.78,C,43.4,16.8,27.3,88.0,34.0,61.3,0.24,0.224,0.282,0.338,0.415,25.7,25.9,25.4,24.9,24.0
2024-08-28,38.09,-84.75,-9.014999306180606,-14.583480912191275,30.45065689086914,0.0,258,63838.0,2024-08-28,2.622,-84.75,38.09,35.5,20.9,28.2,27.7,0.0,21.39,C,39.1,19.5,28.2,65.3,26.0,46.0,0.113,0.12,0.165,0.116,0.1,26.0,25.8,24.8,23.6,22.5
2024-09-02,37.25,-86.23,-11.76558259945714,-12.992299580651675,33.16677474975586,0.0,231,63849.0,2024-09-02,2.622,-86.23,37.25,27.0,15.4,21.2,21.5,0.0,22.13,C,36.7,12.8,22.8,96.4,39.1,64.0,0.261,0.231,0.278,0.332,0.415,25.4,25.5,25.6,25.5,24.6
2024-09-02,38.09,-84.75,-15.49925040663835,-16.905479780823732,41.9677619934082,0.0,258,63838.0,2024-09-02,2.622,-84.75,38.09,25.2,15.2,20.2,20.8,0.0,23.21,C,27.0,13.4,20.8,67.3,28.7,45.3,0.234,0.16,0.163,0.175,0.093,24.1,24.0,24.1,23.8,23.0
2024-09-07,37.25,-86.23,-11.98684281662717,-17.934430496356132,43.96064376831055,0.0,231,63849.0,2024-09-07,2.622,-86.23,37.25,22.0,10.7,16.4,16.7,0.0,22.81,C,31.6,8.6,18.3,85.5,36.7,62.9,0.247,0.207,0.265,0.322,0.412,24.0,24.0,24.5,24.5,24.0
2024-09-09,38.09,-84.75,-14.06266601781639,-21.120550772622035,30.451854705810547,0.0,258,63838.0,2024-09-09,2.622,-84.75,38.09,25.2,6.1,15.7,16.1,0.0,21.47,C,28.2,5.2,16.1,84.2,20.2,51.2,0.134,0.134,0.166,0.133,0.092,19.8,20.1,20.5,21.1,21.4
2024-09-14,37.25,-86.23,-9.000935373926918,-16.292651490088087,33.16940689086914,3.130436420440674,231,63849.0,2024-09-14,2.622,-86.23,37.25,29.6,20.2,24.9,24.2,0.0,18.02,C,36.3,18.2,25.1,86.2,48.1,69.9,0.231,0.199,0.258,0.32,0.409,24.0,24.3,23.6,23.1,22.8
2024-09-14,38.09,-84.75,-12.365363714005856,-14.67856859667851,41.97006988525391,0.0121380407363176,258,63838.0,2024-09-14,2.622,-84.75,38.09,30.1,18.0,24.1,23.5,0.0,20.23,C,32.0,16.9,23.3,79.6,36.9,58.5,0.169,0.123,0.165,0.119,0.09,22.2,21.8,21.3,21.0,20.8
2024-09-19,37.25,-86.23,-10.48303182759084,-18.30009718286143,43.96361541748047,0.0,231,63849.0,2024-09-19,2.622,-86.23,37.25,31.1,17.9,24.5,23.7,0.0,18.63,C,37.9,16.1,24.1,98.8,42.7,73.9,0.184,0.181,0.243,0.312,0.405,23.6,23.7,23.4,23.2,22.9
2024-09-21,38.09,-84.75,-10.307150040522746,-16.262184566421062,30.451854705810547,0.0,258,63838.0,2024-09-21,2.622,-84.75,38.09,32.4,20.8,26.6,24.6,6.6,12.14,C,35.6,19.3,24.2,61.6,34.2,50.6,0.117,0.12,0.164,0.113,0.092,23.6,23.4,22.8,22.0,21.2
2024-09-26,37.25,-86.23,-10.072569431288976,-15.655979654173874,33.17313003540039,0.0,231,63849.0,2024-09-26,2.622,-86.23,37.25,26.0,15.3,20.6,20.0,10.0,13.74,C,32.6,14.1,21.0,98.8,57.0,86.0,0.296,0.274,0.295,0.32,0.409,23.0,22.9,23.1,23.2,23.1
2024-09-26,38.09,-84.75,-12.250282730454003,-16.766282743109127,41.97339630126953,35.95990753173828,258,63838.0,2024-09-26,2.622,-84.75,38.09,21.7,16.3,19.0,19.2,2.7,4.03,C,23.1,15.8,18.9,75.2,58.9,69.1,0.188,0.12,0.165,0.113,0.094,21.3,21.5,21.6,21.6,21.3
2024-10-01,37.25,-86.23,-12.272110830934931,-18.278457857151786,43.96440124511719,4.986470699310303,231,63849.0,2024-10-01,2.622,-86.23,37.25,26.1,17.1,21.6,20.9,0.3,11.42,C,31.8,16.4,21.8,98.7,64.0,86.2,0.325,0.315,0.327,0.358,0.418,22.4,22.4,22.2,22.2,22.2
2024-10-03,38.09,-84.75,-10.233683544421734,-15.027518054193408,30.45608901977539,0.0,258,63838.0,2024-10-03,2.622,-84.75,38.09,24.9,8.3,16.6,16.8,0.0,18.13,C,27.9,7.5,16.9,81.8,31.1,60.6,0.307,0.311,0.337,0.224,0.091,19.8,20.0,20.2,20.5,20.5
2024-10-08,37.25,-86.23,-12.693915611682272,-17.761969534691005,33.17522048950195,0.0,231,63849.0,2024-10-08,2.622,-86.23,37.25,22.7,9.2,16.0,15.0,0.0,16.83,C,29.5,7.1,14.7,96.2,28.0,61.6,0.303,0.277,0.311,0.35,0.419,20.2,19.8,20.8,21.5,21.8
2024-10-08,38.09,-84.75,-12.090290438658522,-19.649268170083342,41.97523880004883,0.0,258,63838.0,2024-10-08,2.622,-84.75,38.09,20.9,6.7,13.8,13.6,0.0,17.42,C,25.4,5.4,13.3,83.5,26.8,55.0,0.243,0.266,0.315,0.201,0.093,17.8,18.4,18.7,19.7,20.0
2024-10-13,37.25,-86.23,-13.33437884382363,-17.756198853644587,43.966217041015625,0.0,231,63849.0,2024-10-13,2.622,-86.23,37.25,26.7,11.6,19.2,19.7,0.0,14.02,C,31.4,7.8,18.8,77.1,44.6,60.9,0.288,0.259,0.301,0.343,0.418,20.1,19.9,20.1,20.2,20.7
2024-10-15,38.09,-84.75,-11.385137864321752,-16.044809100065017,30.45475006103516,0.0,258,63838.0,2024-10-15,2.622,-84.75,38.09,11.1,2.8,7.0,7.4,1.4,6.06,C,14.2,1.5,7.0,87.3,61.0,77.1,0.191,0.232,0.292,0.176,0.095,14.5,15.2,16.1,17.2,18.2
2024-10-20,37.25,-86.23,-14.07351432994084,-17.124283647352463,33.174835205078125,0.0,231,63849.0,2024-10-20,2.622,-86.23,37.25,22.5,6.4,14.5,13.6,0.0,14.84,C,28.6,2.9,12.5,95.7,28.9,66.5,0.272,0.243,0.293,0.334,0.414,16.2,15.6,16.6,17.4,18.7
2024-10-20,38.09,-84.75,-11.319349274605957,-19.51099435828065,41.9748649597168,0.0,258,63838.0,2024-10-20,2.622,-84.75,38.09,21.5,4.3,12.9,13.2,0.0,15.31,C,26.0,2.8,13.0,89.5,31.8,61.2,0.171,0.216,0.281,0.164,0.091,14.0,14.4,14.7,15.5,16.4
2024-10-25,37.25,-86.23,-11.286808647196322,-17.198763644814434,43.96366500854492,3.912176132202149,231,63849.0,2024-10-25,2.622,-86.23,37.25,28.2,13.6,20.9,19.5,0.0,11.36,C,33.0,9.7,18.2,86.1,36.8,56.4,0.251,0.229,0.283,0.33,0.411,17.3,17.0,17.2,17.5,18.3
2024-10-27,38.09,-84.75,-10.977047205670482,-25.608826861119766,30.45223617553711,0.0,258,63838.0,2024-10-27,2.622,-84.75,38.09,16.6,3.2,9.9,9.4,0.0,14.07,C,21.2,1.4,8.9,69.9,31.3,53.3,0.144,0.186,0.257,0.15,0.091,13.5,13.9,14.6,15.5,16.2
2024-11-01,37.25,-86.23,-9.719742690706864,-14.275948921924824,33.17129135131836,0.0,231,63849.0,2024-11-01,2.622,-86.23,37.25,17.9,8.5,13.2,12.6,0.3,11.2,C,24.2,5.1,12.7,97.5,36.0,67.7,0.299,0.231,0.274,0.326,0.409,17.7,17.5,18.0,18.1,18.3
2024-11-01,38.09,-84.75,-15.886138990057164,-18.01283138266745,41.97170639038086,0.0,258,63838.0,2024-11-01,2.622,-84.75,38.09,17.0,6.3,11.7,12.4,0.0,13.68,C,20.3,3.8,12.4,89.3,35.0,62.5,0.153,0.173,0.242,0.142,0.092,15.7,16.1,16.2,16.2,16.3
2024-11-06,37.25,-86.23,-8.184270783212714,-13.919805649223564,43.96061325073242,0.0,231,63849.0,2024-11-06,2.622,-86.23,37.25,21.7,18.3,20.0,20.0,24.5,3.06,C,23.5,18.0,19.8,97.6,66.1,89.3,0.337,0.288,0.283,0.326,0.413,18.7,18.8,18.5,18.1,18.2
2024-11-08,38.09,-84.75,-11.739849794552482,-33.19953729086269,30.45172882080078,0.0,258,63838.0,2024-11-08,2.622,-84.75,38.09,16.8,5.9,11.4,11.5,0.0,11.41,C,20.4,4.8,11.2,88.8,43.1,67.3,0.252,0.171,0.234,0.145,0.092,15.3,15.7,16.1,16.4,16.5
2024-11-13,37.25,-86.23,-8.864613203550974,-13.153479593868262,33.1683349609375,18.40003204345703,231,63849.0,2024-11-13,2.622,-86.23,37.25,17.3,6.0,11.6,11.2,37.9,4.27,C,20.5,3.9,10.6,96.0,47.2,75.8,0.359,0.325,0.328,0.346,0.41,15.1,14.4,15.6,16.7,17.8
2024-11-13,38.09,-84.75,-10.168914452486115,-18.4329903760062,41.96906661987305,0.0,258,63838.0,2024-11-13,2.622,-84.75,38.09,16.9,2.6,9.7,10.0,15.5,7.88,C,19.0,1.4,9.6,92.9,49.5,70.4,0.273,0.206,0.234,0.141,0.093,12.1,12.4,13.2,14.5,15.6
2024-11-18,37.25,-86.23,-9.26970433778643,-14.144243560308706,43.96156692504883,0.0,231,63849.0,2024-11-18,2.622,-86.23,37.25,20.4,12.2,16.3,16.5,0.0,4.91,C,25.7,9.3,15.1,90.1,58.5,73.5,0.345,0.313,0.326,0.352,0.418,15.3,15.0,15.3,15.7,16.6
2024-11-20,38.09,-84.75,-10.073233129205311,-17.767211363803895,30.452083587646484,0.0,258,63838.0,2024-11-20,2.622,-84.75,38.09,15.0,3.7,9.4,9.2,0.0,5.12,C,14.5,1.5,8.6,97.5,50.7,80.3,0.327,0.311,0.329,0.15,0.092,13.4,13.9,14.2,14.4,14.7
2024-11-25,37.25,-86.23,-9.874481796726622,-15.535645897189749,33.16683578491211,0.0,231,63849.0,2024-11-25,2.622,-86.23,37.25,17.3,7.1,12.2,14.4,9.5,1.37,C,18.0,7.4,13.7,95.1,55.7,77.6,0.353,0.318,0.327,0.354,0.419,13.1,12.6,13.0,13.7,15.2
2024-11-25,38.09,-84.75,-10.509120331679808,-21.046885547404347,41.96770477294922,0.0,258,63838.0,2024-11-25,2.622,-84.75,38.09,17.5,7.3,12.4,13.9,5.7,1.78,C,17.9,4.8,13.2,92.8,58.6,75.3,0.322,0.308,0.33,0.151,0.094,10.7,10.7,10.9,11.6,13.0
2024-12-02,38.09,-84.75,-11.684472792303708,-23.751195478030706,30.45244598388672,0.0,258,63838.0,2024-12-02,2.622,-84.75,38.09,0.3,-6.8,-3.3,-3.2,0.0,8.54,C,5.0,-9.3,-3.2,85.3,47.8,65.6,0.347,0.327,0.344,0.186,0.095,5.0,5.9,7.1,8.9,11.0
2024-12-07,37.25,-86.23,-9.161543619600156,-13.891568973697586,33.16401290893555,0.0,231,63849.0,2024-12-07,2.622,-86.23,37.25,9.9,-5.4,2.2,2.4,0.0,9.29,C,14.8,-7.7,1.8,64.3,26.1,44.8,0.349,0.313,0.325,0.353,0.415,5.7,4.9,6.6,8.8,11.6
2024-12-07,38.09,-84.75,-14.141915903638658,-26.019332996118536,41.96516799926758,0.0,258,63838.0,2024-12-07,2.622,-84.75,38.09,7.4,-6.7,0.3,0.2,0.0,9.96,C,8.2,-8.3,-0.8,67.0,29.7,50.4,0.325,0.311,0.337,0.198,0.094,2.4,3.1,4.4,6.4,9.0
2024-12-19,37.25,-86.23,-10.871503526063863,-13.117256535467735,33.162994384765625,0.0,231,63849.0,2024-12-19,2.622,-86.23,37.25,7.1,1.1,4.1,3.0,0.0,6.0,C,15.0,-1.2,3.6,92.0,62.4,81.1,0.377,0.341,0.34,0.367,0.423,9.8,9.1,10.0,10.7,11.5
2024-12-19,38.09,-84.75,-13.491959212074882,-21.079357452703952,41.964263916015625,0.0,258,63838.0,2024-12-19,2.622,-84.75,38.09,4.7,1.0,2.9,2.6,0.0,3.71,C,7.5,-1.0,2.6,85.1,64.6,77.2,0.365,0.344,0.359,0.255,0.168,6.9,7.4,7.8,8.5,9.3
2024-12-24,37.25,-86.23,-11.457664427865437,-11.97312437056662,43.96378326416016,0.0,231,63849.0,2024-12-24,2.622,-86.23,37.25,10.5,5.3,7.9,7.4,0.2,3.33,C,16.4,3.7,6.9,68.7,46.9,57.2,0.357,0.32,0.33,0.361,0.42,7.9,7.4,7.8,8.5,10.3
2024-12-26,38.09,-84.75,-10.314358071663923,-18.42233137988893,30.444107055664062,0.0,258,63838.0,2024-12-26,2.622,-84.75,38.09,11.7,5.1,8.4,7.9,1.6,4.05,C,14.7,2.5,7.2,92.0,64.6,79.3,0.347,0.325,0.346,0.24,0.154,7.4,7.3,7.2,7.4,8.2
